0,672
13,56
13,54
10,30
13,53
10,16
13,51
13,50
10,31
13,49
13,48
19,10
13,47
13,46
19,9
13,45
19,8
13,43
13,42
19,7
13,41
13,40
19,6
19,2
13,39
19,1
13,38
19,5
20,2
13,37
20,1
13,36
20,5
13,34
14,2
13,32
21,7
13,31
21,6
13,30
21,2
13,29
21,1
21,5
15,2
13,28
17,2
18,2
13,27
13,44
13,57
13,63
13,26
13,55
13,23
13,22
13,20
13,52
13,19
13,24
13,18
13,59
13,16
13,33
13,15
13,67
13,14
13,73
13,13
13,17
13,12
13,2
12,5
16,7
12,1
16,1
10,37
16,6
16,2
10,33
16,5
10,28
10,27
10,26
13,78
10,25
10,21
10,19
10,18
10,38
10,14
10,39
10,11
10,10
10,9
10,8
10,5
10,2
8,7
8,6
8,5
8,2
0,318
8,1
0,666
13,21
2,2
13,9
13,10
10,7
6,6
10,1
6,5
10,6
6,2
6,1
13,25
5,6
17,5
14,8
15,8
5,5
13,75
17,8
5,2
13,62
15,9
17,7
14,9
5,1
2,1
2,5
15,5
13,76
17,1
14,5
13,35
17,6
13,8
13,128
14,7
14,1
15,7
13,7
14,6
13,60
30,7
13,1
28,10
13,77
15,1
28,9
13,5
28,8
28,7
15,6
13,6
28,5
28,1
